   %#hello
   0.0000000e+00
   2.5118864e-05
   5.0237729e-05
   7.5356593e-05
   1.0047546e-04
   2.2606978e-04
   3.5166410e-04
   4.7725842e-04
   6.0285274e-04
   1.2308244e-03
   1.8587960e-03
   2.4867676e-03
   3.1147392e-03
   5.6147392e-03
   8.1147392e-03
   1.0614739e-02
   1.3114739e-02
   1.5614739e-02
   1.8114739e-02
   2.0614739e-02
   2.3114739e-02
   2.5614739e-02
   2.8114739e-02
   3.0614739e-02
   3.3114739e-02
   3.5614739e-02
   3.8114739e-02
   4.0614739e-02
   4.3114739e-02
   4.5614739e-02
   4.8114739e-02
   5.0614739e-02
   5.3114739e-02
   5.5614739e-02
   5.8114739e-02
   6.0614739e-02
   6.3114739e-02
   6.5614739e-02
   6.8114739e-02
   7.0614739e-02
   7.3114739e-02
   7.5614739e-02
   7.8114739e-02
   8.0614739e-02
   8.3114739e-02
   8.5614739e-02
   8.8114739e-02
   9.0614739e-02
   9.3114739e-02
   9.5614739e-02
   9.8114739e-02
   1.0061474e-01
   1.0311474e-01
   1.0561474e-01
   1.0811474e-01
   1.1061474e-01
   1.1311474e-01
   1.1561474e-01
   1.1811474e-01
   1.2061474e-01
   1.2311474e-01
   1.2561474e-01
   1.2811474e-01
   1.3061474e-01
   1.3311474e-01
   1.3561474e-01
   1.3811474e-01
   1.4061474e-01
   1.4311474e-01
   1.4561474e-01
   1.4811474e-01
   1.5061474e-01
   1.5311474e-01
   1.5561474e-01
   1.5811474e-01
   1.6061474e-01
   1.6311474e-01
   1.6561474e-01
   1.6811474e-01
   1.7061474e-01
   1.7311474e-01
   1.7561474e-01
   1.7811474e-01
   1.8061474e-01
   1.8311474e-01
   1.8561474e-01
   1.8811474e-01
   1.9061474e-01
   1.9311474e-01
   1.9561474e-01
   1.9811474e-01
   2.0061474e-01
   2.0311474e-01
   2.0467203e-01
   2.0622931e-01
   2.0778660e-01
   2.0934389e-01
